0.104376405899
0.228672831792
0.27752311922
0.0588427893027
0.311492126968
0.0931342164459
0.109010247438
0.106575856036
0.0890952261935
0.241359660085
0.0584528867783
0.525308672832
0.0946363409148
0.0607398150462
0.0504348912772
0.238297925519
0.140594851287
0.181952011997
1.6464483879
0.0877730567358
0.802896775806
0.122839290177
0.102759310172
0.0957210697326
0.537885528618
0.255153711572
0.822561859535
0.113941514621
0.0882979255186
0.0917620594851
0.055023744064
0.0378830292427
0.0983404148963
0.0386503374156
0.0955511122219
0.086528367908
0.139297675581
0.014736315921
0.0822119470132
0.0570907273182
0.0473531617096
0.137245688578
0.0474756310922
0.082271932017
0.298172956761
0.184303924019
0.00467633091727
0.0281854536366
0.0400517370657
0.136027743064
0.0164363909023
0.266980754811
0.0757813046738
0.0469387653087
5.23736140965
52.2516870782
280.236690827
0.301817649931
1.37824543281
0.506494722877
1.29993395158
0.682331154242
0.260934479383
0.385940257908
0.410973536247
0.266768513546
0.662814581968
0.199893200283
0.843888454724
0.304421674376
0.347311382246
0.265585065404
0.721337850902
0.433019998942
0.531599345589
1.78214635945
0.524193351557
1.19841771947
1.045716862
0.357859774771
0.462317046966
1.64905837662
0.848643525668
3.54703666361
0.502736560801
0.560970681223
0.408911808528
0.355753658477
0.264928755523
0.572630132609
0.265907881051
0.506529870118
0.350496730039
0.431247710684
0.23571984588
0.455704964109
0.294686653855
0.38337041393
0.788150091499
0.230429927485
0.648233839179
0.982058107521
0.913278792083
0.0674882419125
0.23758344876
0.250824479154
0.268395581992
0.0933435469699
0.840383391565
0.250582350799
0.457347541052
33.1423779905
203.557544614
559.867764954
-0.152837225754
-0.242758302097
0.0805604834294
1.26964350266
0.328966868582
0.223991065512
0.98874108631
0.215062829802
0.253439143995
0.0677609280391
-0.0133837197168
-0.135865748018
0.00488793232291
0.0261832063183
0.223333026219
0.722310427173
0.500880158848
0.0732586327115
0.152285989139
0.447255793224
0.269541081311
0.256960297186
1.15277556177
0.205546289412
-2.93424084309
-0.913228981802
-5.18253613909
0.339812166166
-1.13011578166
-0.151634428754
-0.34432762393
-0.968049957227
-0.433936637387
0.142094128195
-0.959776974798
0.34998822831
0.0911959053006
-0.143672531633
-0.415163054131
-0.18816161495
-1.98868523249
-2.00214369345
-0.207211041298
-0.927510770317
-0.800931754093
-1.36926345673
-0.121347802692
-0.906624402991
-0.336353553233
-0.232397647194
-0.118498536552
0.290088412594
1.31823327808
1.18188034452
-0.39314734915
1.42575663038
0.366930275039
-3.07481820109
